39,36
39,35
14,5
10,228
10,284
10,28
10,8
10,140
10,112
10,307
10,236
11,23
11,29
11,4
11,30
11,27
11,13
11,20
9,6
9,4
8,9
8,12
8,4
8,6
0,318
12,1
12,3
35,7
35,6
35,5
35,4
35,3
35,2
35,1
35,0
34,5
34,4
34,3
34,2
34,1
34,0
33,25
33,24
33,23
33,22
33,21
33,20
33,19
33,18
33,17
33,16
33,15
33,14
33,13
33,12
33,11
33,10
33,9
33,8
33,7
33,6
33,5
33,4
33,3
33,2
33,1
33,0
32,4
32,3
32,2
32,1
32,0
31,8
31,7
31,6
31,5
31,4
31,3
31,2
31,1
31,0
30,4
30,3
30,1
29,4
29,3
29,1
28,5
19,2
28,4
19,1
28,3
19,3
28,1
27,5
27,4
27,3
27,1
26,4
26,3
26,1
25,5
25,4
25,3
25,1
24,4
24,3
24,1
20,3
20,2
20,1
12,2
11,25
11,21
11,19
11,17
